[{"id": 0, "img_name": "01", "width": 1060, "height": 1886, "position": [-1.425683767000841, -1.7010378570738884, 3.69581183218144], "rotation": [[-0.7932624688933434, -0.3142452586091237, 0.5215214021369801], [0.393920192615271, 0.38825367556984025, 0.833118218055791], [-0.46428605115293364, 0.8663192257177456, -0.1841995164397047]], "fy": 1692.938534200344, "fx": 1708.2320325391288}, {"id": 1, "img_name": "02", "width": 1060, "height": 1886, "position": [-1.6682303604042144, -1.4497949894849924, 3.623391603003284], "rotation": [[-0.7477606771699818, -0.3186364343869168, 0.5825159159709565], [0.44191883071735827, 0.41593762162057507, 0.7947978623386089], [-0.49554184155900827, 0.8517433402157083, -0.17021035709525847]], "fy": 1692.938534200344, "fx": 1708.2320325391288}, {"id": 2, "img_name": "03", "width": 1060, "height": 1886, "position": [-1.763727382432735, -1.4565292559624887, 3.530564886204215], "rotation": [[-0.7241171885776763, -0.34890529085107563, 0.5949112498705061], [0.4471945526557753, 0.41915253139972797, 0.7901444092671928], [-0.52504412127112, 0.8381982184646577, -0.14748700716100702]], "fy": 1692.938534200344, "fx": 1708.2320325391288}, {"id": 3, "img_name": "04", "width": 1060, "height": 1886, "position": [-1.9054632411624235, -1.5794978554512393, 3.0822818963128737], "rotation": [[-0.6787088821959992, -0.3880655050670256, 0.6235057473715315], [0.46987420549099157, 0.4230306975713134, 0.7747665841571494], [-0.5644222570403005, 0.8188102299613765, -0.10477272101139092]], "fy": 1692.938534200344, "fx": 1708.2320325391288}, {"id": 4, "img_name": "05", "width": 1060, "height": 1886, "position": [-2.1783069057431956, -1.4899375576349247, 2.556703356664359], "rotation": [[-0.621826520477266, -0.42406847416886617, 0.6584054280207791], [0.5003905202478236, 0.4315807409564778, 0.7505647149190866], [-0.602445935895702, 0.7961808797324555, -0.05616850604390696]], "fy": 1692.938534200344, "fx": 1708.2320325391288}, {"id": 5, "img_name": "06", "width": 1060, "height": 1886, "position": [-2.445855996859633, -1.384734776237669, 2.5567101358514646], "rotation": [[-0.5611145872301373, -0.45294738884944963, 0.6928124442675798], [0.5321254233591883, 0.44372845473313827, 0.7210739159579591], [-0.6340291427153468, 0.7732682079295686, -0.007957687668899293]], "fy": 1692.938534200344, "fx": 1708.2320325391288}, {"id": 6, "img_name": "07", "width": 1060, "height": 1886, "position": [-2.4326398809297567, -1.2092155690237012, 2.6046523394098533], "rotation": [[-0.5001018635536605, -0.47474409989839694, 0.7242348829501495], [0.5604496250766928, 0.460115112754172, 0.6886147694949695], [-0.6601472137497439, 0.7502746981118827, 0.03596572745786467]], "fy": 1692.938534200344, "fx": 1708.2320325391288}, {"id": 7, "img_name": "08", "width": 1060, "height": 1886, "position": [-2.5138702959764325, -0.8646530320636353, 2.503420727845943], "rotation": [[-0.4324607363560449, -0.4942720765294522, 0.7541039887665698], [0.5855746547027824, 0.4820097327080272, 0.6517430025281847], [-0.6856238292825774, 0.7234374416202134, 0.08098291660526731]], "fy": 1692.938534200344, "fx": 1708.2320325391288}, {"id": 8, "img_name": "09", "width": 1060, "height": 1886, "position": [-2.773252335540088, -0.5122542130679497, 2.1946007833008583], "rotation": [[-0.3569406627104662, -0.5143919004749684, 0.7797399156318489], [0.6060694673500424, 0.5076595273347997, 0.6123410855497478], [-0.7108256917485809, 0.6911459882195351, 0.13055289701187486]], "fy": 1692.938534200344, "fx": 1708.2320325391288}, {"id": 9, "img_name": "10", "width": 1060, "height": 1886, "position": [-2.8778032906417823, -0.3512667558350808, 1.9526019842587596], "rotation": [[-0.27040405981205695, -0.5343883949749751, 0.800818760864921], [0.6231772311296208, 0.5368852036767804, 0.5686865715616657], [-0.7338472477558099, 0.6528271757433294, 0.1878427416010826]], "fy": 1692.938534200344, "fx": 1708.2320325391288}, {"id": 10, "img_name": "11", "width": 1060, "height": 1886, "position": [-2.8375000186033277, -0.0848563366828933, 1.6518087765109355], "rotation": [[-0.1773355385972844, -0.5539344363570605, 0.8134548217130417], [0.6366304392404759, 0.5657538823175075, 0.5240460175167319], [-0.7505023588123422, 0.6108020832155485, 0.25232325409414114]], "fy": 1692.938534200344, "fx": 1708.2320325391288}, {"id": 11, "img_name": "12", "width": 1060, "height": 1886, "position": [-2.746668141186818, 0.09516382256676675, 1.3624445232905846], "rotation": [[-0.0900160084751354, -0.569965459317574, 0.816723021227583], [0.6469743221272887, 0.5899931956525681, 0.48304477596968765], [-0.7571798628635997, 0.571880585672024, 0.3156441841778224]], "fy": 1692.938534200344, "fx": 1708.2320325391288}, {"id": 12, "img_name": "13", "width": 1060, "height": 1886, "position": [-2.9179972035854003, 0.10633293375874138, 1.0051105363495538], "rotation": [[-0.011488593439697208, -0.5792625962961522, 0.8150600326068125], [0.6532576661695042, 0.6127734824453499, 0.44470561139091896], [-0.7570485016242682, 0.5375532566583886, 0.3713678263452701]], "fy": 1692.938534200344, "fx": 1708.2320325391288}, {"id": 13, "img_name": "14", "width": 1060, "height": 1886, "position": [-3.0534074780472316, -0.09149698183269757, 0.7370220007769389], "rotation": [[0.06173251628407702, -0.5836564791383756, 0.8096506720759459], [0.6566558685844073, 0.6346600290097595, 0.40744290131377814], [-0.751659608258215, 0.5065093897817952, 0.42244061283922485]], "fy": 1692.938534200344, "fx": 1708.2320325391288}, {"id": 14, "img_name": "15", "width": 1060, "height": 1886, "position": [-3.193734153522304, 0.09721512791183375, 0.5559100337455508], "rotation": [[0.135547536331689, -0.5871528801378906, 0.7980465905823976], [0.654761178933873, 0.6576061814329905, 0.3726149603843702], [-0.7435823182106565, 0.4720228866134573, 0.47358180978323583]], "fy": 1692.938534200344, "fx": 1708.2320325391288}, {"id": 15, "img_name": "16", "width": 1060, "height": 1886, "position": [-3.2693513092031035, 0.46201615394184303, -0.007470858521164617], "rotation": [[0.22014108702714136, -0.583598218425829, 0.7816335594463091], [0.6448620528937129, 0.6882885433584189, 0.3322827317500141], [-0.7319090343343322, 0.4308967399873707, 0.5278609333224438]], "fy": 1692.938534200344, "fx": 1708.2320325391288}, {"id": 16, "img_name": "17", "width": 1060, "height": 1886, "position": [-3.2818036239437665, 0.6335025460342583, -0.2663540806871404], "rotation": [[0.30895880909084644, -0.5735852984293563, 0.7586463996559082], [0.628158786631397, 0.7219986263208217, 0.29005951521820095], [-0.7141155320135091, 0.38693395950284953, 0.5833704808443002]], "fy": 1692.938534200344, "fx": 1708.2320325391288}, {"id": 17, "img_name": "18", "width": 1060, "height": 1886, "position": [-3.045517118595292, 0.8204062524385766, -0.5463053299902693], "rotation": [[0.40009037352388416, -0.5588574574478669, 0.7263649463378752], [0.606343858367551, 0.7557185063398972, 0.2474604303628073], [-0.6872225392356321, 0.34142038812921, 0.6412154865068604]], "fy": 1692.938534200344, "fx": 1708.2320325391288}, {"id": 18, "img_name": "19", "width": 1060, "height": 1886, "position": [-2.5961910427305583, 0.9906098487364736, -0.9113878725893444], "rotation": [[0.4795527672553522, -0.5413542063120548, 0.6906263582618167], [0.5812379498119925, 0.7855814041341947, 0.21218930976111566], [-0.6574127996290349, 0.2996622778842749, 0.6913833452558154]], "fy": 1692.938534200344, "fx": 1708.2320325391288}, {"id": 19, "img_name": "20", "width": 1060, "height": 1886, "position": [-2.312870272722711, 1.3696607552901265, -1.241212773442807], "rotation": [[0.5500622032396253, -0.5199927965254756, 0.653482259995468], [0.5528707798177611, 0.8132108709974721, 0.18171950945133442], [-0.6259117137351481, 0.26133421294034226, 0.7348053863139421]], "fy": 1692.938534200344, "fx": 1708.2320325391288}, {"id": 20, "img_name": "21", "width": 1060, "height": 1886, "position": [-2.200870063675185, 1.0683116309762286, -1.1252425026652606], "rotation": [[0.6136580617546268, -0.4953959254878477, 0.6148224623853565], [0.5223335156778004, 0.8386468836832978, 0.15439916738105286], [-0.5921076605172605, 0.22639408450384055, 0.7734043165501756]], "fy": 1692.938534200344, "fx": 1708.2320325391288}, {"id": 21, "img_name": "22", "width": 1060, "height": 1886, "position": [-1.9038711232604217, 1.3976494804546797, -1.3824876463926994], "rotation": [[0.6823898186772478, -0.46058055611073484, 0.567635170420543], [0.48220546515224466, 0.8672394044927482, 0.12399074430122228], [-0.5493833131274922, 0.18910675986804357, 0.8138898012810273]], "fy": 1692.938534200344, "fx": 1708.2320325391288}, {"id": 22, "img_name": "23", "width": 1060, "height": 1886, "position": [-1.6616039395866367, 1.7126528594991548, -1.71744899320869], "rotation": [[0.7464633192823854, -0.41937757070612086, 0.5166381385017529], [0.4352007811405546, 0.8950142332906531, 0.09772308991121614], [-0.5033813594687182, 0.15189461937730755, 0.8506087417512519]], "fy": 1692.938534200344, "fx": 1708.2320325391288}, {"id": 23, "img_name": "24", "width": 1060, "height": 1886, "position": [-1.3788924934667892, 1.8383021178364307, -1.8277119841216547], "rotation": [[0.8023884175376401, -0.3771437124361707, 0.462531563864894], [0.3880306482460906, 0.9185233920444036, 0.0758089327781477], [-0.45343692331255986, 0.11864821295369761, 0.8833558502323589]], "fy": 1692.938534200344, "fx": 1708.2320325391288}, {"id": 24, "img_name": "25", "width": 1060, "height": 1886, "position": [-1.123558781349521, 1.9156005776531735, -1.910320691301733], "rotation": [[0.8500510295945606, -0.33482574463696907, 0.40657713636347864], [0.34144214875087114, 0.9380709260483366, 0.05865319052876898], [-0.40103678901269835, 0.08896436607493614, 0.9117317782260687]], "fy": 1692.938534200344, "fx": 1708.2320325391288}, {"id": 25, "img_name": "26", "width": 1060, "height": 1886, "position": [-1.0165755512644499, 1.6029823226505526, -1.809428255309883], "rotation": [[0.8904562131958805, -0.28985341029153583, 0.3508172357841318], [0.29363906406967766, 0.9549191639179146, 0.04365192360704008], [-0.34765476040626314, 0.06414351818132313, 0.9354259867259332]], "fy": 1692.938534200344, "fx": 1708.2320325391288}, {"id": 26, "img_name": "27", "width": 1060, "height": 1886, "position": [-0.5726541780862416, 1.5955063729289285, -2.080418266155428], "rotation": [[0.9297330798991253, -0.23473154530760096, 0.28372081661166876], [0.2369243177977098, 0.9711506128578005, 0.02708052403496205], [-0.28189229818740397, 0.042042701904421186, 0.9585244615758117]], "fy": 1692.938534200344, "fx": 1708.2320325391288}, {"id": 27, "img_name": "28", "width": 1060, "height": 1886, "position": [-0.09604706486699764, 1.7904017082912298, -2.491381880367006], "rotation": [[0.961558367625645, -0.17261117077815147, 0.21356706059620037], [0.17403816998201055, 0.9846627258956524, 0.012248739570115769], [-0.21240579332593093, 0.0253909423680877, 0.976851615654723]], "fy": 1692.938534200344, "fx": 1708.2320325391288}, {"id": 28, "img_name": "29", "width": 1060, "height": 1886, "position": [0.302110063427001, 1.9335402989371093, -2.681919041725778], "rotation": [[0.9836761232794617, -0.11299954349393106, 0.1400442346548141], [0.11396150525978825, 0.9934844919896916, 0.0011573655030798242], [-0.1392625570956268, 0.014821178972930671, 0.9901445716889226]], "fy": 1692.938534200344, "fx": 1708.2320325391288}, {"id": 29, "img_name": "30", "width": 1060, "height": 1886, "position": [0.4325100570249137, 1.9218262022395405, -2.6949616312586855], "rotation": [[0.9962111161447575, -0.05597319487622785, 0.06656135158607021], [0.056356315785822286, 0.9984031388137072, -0.0038907683028096473], [-0.0662372836147838, 0.007627179182718358, 0.9977747483260183]], "fy": 1692.938534200344, "fx": 1708.2320325391288}, {"id": 30, "img_name": "31", "width": 1060, "height": 1886, "position": [0.49877624182963975, 1.7847085958143518, -2.602019382429186], "rotation": [[0.9999998900340695, 0.00035259660673896115, 0.00030920459486313693], [-0.0003527219272067282, 0.999999855643891, 0.00040533867196198756], [-0.0003090616291872508, -0.00040544769062914477, 0.9999998700465313]], "fy": 1692.938534200344, "fx": 1708.2320325391288}, {"id": 31, "img_name": "32", "width": 1060, "height": 1886, "position": [1.0215105486925677, 1.6803055228261927, -2.725123176840793], "rotation": [[0.995044278510836, 0.06543864586625875, -0.07486432681885577], [-0.06482075682911784, 0.9978400236282486, 0.0106562999993661], [0.0753999554837431, -0.0057507280205636065, 0.9971367889313296]], "fy": 1692.938534200344, "fx": 1708.2320325391288}, {"id": 32, "img_name": "33", "width": 1060, "height": 1886, "position": [1.7424710706013349, 1.6669386525106489, -2.619017233452595], "rotation": [[0.9801587450864333, 0.13586494122676496, -0.14432446838992993], [-0.133856616535169, 0.9907201000483093, 0.02358155147619157], [0.14618905786803918, -0.0037948788801820906, 0.9892493913336211]], "fy": 1692.938534200344, "fx": 1708.2320325391288}, {"id": 33, "img_name": "34", "width": 1060, "height": 1886, "position": [2.184255159109064, 1.6655459194194675, -2.4165225716680787], "rotation": [[0.9555745784212891, 0.20356465847042346, -0.21316344643675553], [-0.20058191937167216, 0.9790238989245803, 0.035764492946063646], [0.21597249523064665, 0.008581092956779104, 0.9763617393914592]], "fy": 1692.938534200344, "fx": 1708.2320325391288}, {"id": 34, "img_name": "35", "width": 1060, "height": 1886, "position": [2.8012189800575795, 1.6064524970667855, -2.9027160844097972], "rotation": [[0.9223955341714898, 0.2633359150965557, -0.28256092150322465], [-0.26091104145069366, 0.9642230350063155, 0.046897411573818035], [0.28480152209847176, 0.03046530130278198, 0.9581022692943193]], "fy": 1692.938534200344, "fx": 1708.2320325391288}, {"id": 35, "img_name": "36", "width": 1060, "height": 1886, "position": [2.9947984051571526, 1.4276467188335815, -3.3947288689895116], "rotation": [[0.8827472791598744, 0.31828883811419056, -0.3456146071388726], [-0.3183986870057269, 0.9461728908647097, 0.058130342384570224], [0.345513411098423, 0.05872883554640586, 0.9365742931697919]], "fy": 1692.938534200344, "fx": 1708.2320325391288}, {"id": 36, "img_name": "37", "width": 1060, "height": 1886, "position": [3.816540164734563, 1.4208772646422168, -3.192189925135051], "rotation": [[0.8299849769301961, 0.37376421384906816, -0.41403532520301906], [-0.3770831657625358, 0.9229505046847661, 0.07726999418040324], [0.41101487098240813, 0.09199281682785712, 0.9069752463454506]], "fy": 1692.938534200344, "fx": 1708.2320325391288}, {"id": 37, "img_name": "38", "width": 1060, "height": 1886, "position": [4.26504204729112, 1.2243529072709796, -2.873325845017489], "rotation": [[0.7694339303101421, 0.4271843264978691, -0.4748525856326883], [-0.43278915726138945, 0.8954437747581974, 0.10427843307111653], [0.4697499039323625, 0.1252756857548706, 0.8738655676442363]], "fy": 1692.938534200344, "fx": 1708.2320325391288}, {"id": 38, "img_name": "39", "width": 1060, "height": 1886, "position": [4.323271487446191, 1.0673358393065666, -2.8985858811149314], "rotation": [[0.6978309344694934, 0.4780631724662221, -0.5333737807850746], [-0.4849300250788142, 0.8633730000478514, 0.13939129659140598], [0.5271383667259426, 0.16137740213519303, 0.8343155736324248]], "fy": 1692.938534200344, "fx": 1708.2320325391288}, {"id": 39, "img_name": "40", "width": 1060, "height": 1886, "position": [4.131764361805845, 0.8263528532099953, -2.6349425757150438], "rotation": [[0.6146752631856905, 0.5240986029164291, -0.5894870441737031], [-0.530279356880418, 0.8278240396627029, 0.18306054469222444], [0.5839333219590165, 0.20007002218616096, 0.7867616295475629]], "fy": 1692.938534200344, "fx": 1708.2320325391288}, {"id": 40, "img_name": "41", "width": 1060, "height": 1886, "position": [4.39624358366449, 0.47305549089579646, -1.894313937853647], "rotation": [[0.5139538856973622, 0.5678607505431894, -0.6429506756891298], [-0.5702657892401725, 0.7860950791411323, 0.2384354339698279], [0.6408184867798884, 0.2441079567376337, 0.7278481795391889]], "fy": 1692.938534200344, "fx": 1708.2320325391288}, {"id": 41, "img_name": "42", "width": 1060, "height": 1886, "position": [4.6035472980659575, 0.0656037136822799, -1.3269684143887375], "rotation": [[0.39618205431082804, 0.608837929072276, -0.6872817151394575], [-0.603551722959274, 0.7367777363277667, 0.30476857607802016], [0.6919285350055627, 0.2940662227708486, 0.6593632982433445]], "fy": 1692.938534200344, "fx": 1708.2320325391288}, {"id": 42, "img_name": "43", "width": 1060, "height": 1886, "position": [4.83614313030371, -0.4540919297927784, -0.6538556120105498], "rotation": [[0.25362273212312797, 0.6452699884980252, -0.7206262219029768], [-0.6276781163705869, 0.6766271964295202, 0.3849621010974967], [0.7359997907471657, 0.3546861697271061, 0.5766298891181783]], "fy": 1692.938534200344, "fx": 1708.2320325391288}, {"id": 43, "img_name": "44", "width": 1060, "height": 1886, "position": [5.016410806743199, -1.1585275512048394, -0.18087488281916872], "rotation": [[0.09012684380192439, 0.6718301638849842, -0.7352015933882204], [-0.6346822730457881, 0.607632570126141, 0.477452690853588], [0.7674995532948111, 0.42358811434715155, 0.48116270125196686]], "fy": 1692.938534200344, "fx": 1708.2320325391288}, {"id": 44, "img_name": "45", "width": 1060, "height": 1886, "position": [4.750697156264193, -1.9504383357983475, 0.3382481963504724], "rotation": [[-0.09351796151103187, 0.6816622540162509, -0.7256658751273246], [-0.6254715753652076, 0.5268522571086751, 0.5755102150176487], [0.7746222945958805, 0.5077039202418857, 0.37709021478425336]], "fy": 1692.938534200344, "fx": 1708.2320325391288}, {"id": 45, "img_name": "46", "width": 1060, "height": 1886, "position": [4.270012834551426, -1.7486336893363363, 1.096836064721112], "rotation": [[-0.2892888444081089, 0.666352775701263, -0.6872306329146299], [-0.5925522515781718, 0.43918482344216875, 0.6752766248047605], [0.7517937174854944, 0.6025700533326338, 0.2677975675319838]], "fy": 1692.938534200344, "fx": 1708.2320325391288}, {"id": 46, "img_name": "47", "width": 1060, "height": 1886, "position": [3.9095861084409713, -1.7969266745617127, 1.732027325030081], "rotation": [[-0.4638354206913025, 0.6249454590139892, -0.6279330185377385], [-0.5444303379117225, 0.3580823909714845, 0.7585331953431386], [0.6988936325890007, 0.693700349238732, 0.17414797096897694]], "fy": 1692.938534200344, "fx": 1708.2320325391288}, {"id": 47, "img_name": "48", "width": 1060, "height": 1886, "position": [3.5675814364445158, -2.0425147419932124, 2.233267243923019], "rotation": [[-0.6094192190106966, 0.5679686926669715, -0.553190545518055], [-0.48499943727272415, 0.28489841020620843, 0.8268061693692877], [0.6272031260648602, 0.7721686732911053, 0.10184192968674982]], "fy": 1692.938534200344, "fx": 1708.2320325391288}, {"id": 48, "img_name": "49", "width": 1060, "height": 1886, "position": [3.1748031684295275, -2.6274305297901845, 2.6642776153030896], "rotation": [[-0.7351536869237711, 0.495745769720711, -0.46236910407855447], [-0.4067334663530541, 0.2230900334094075, 0.8858886636264278], [0.542325496312698, 0.8393253057053677, 0.037630934771494644]], "fy": 1692.938534200344, "fx": 1708.2320325391288}, {"id": 49, "img_name": "50", "width": 1060, "height": 1886, "position": [2.43321988289829, -2.6831847006340306, 2.8072911077401814], "rotation": [[-0.832233460159332, 0.415741195500975, -0.36680611520890044], [-0.32602088930651363, 0.1681562044157522, 0.9302869829532592], [0.44843934654199896, 0.89380241064785, -0.004404905569600105]], "fy": 1692.938534200344, "fx": 1708.2320325391288}, {"id": 50, "img_name": "51", "width": 1060, "height": 1886, "position": [1.8061399673909866, -2.8363810286797926, 3.157565793960529], "rotation": [[-0.9118007166587603, 0.3196407443688958, -0.2577775157764341], [-0.2284664167969873, 0.12673144827428945, 0.9652679609384364], [0.34120748745670393, 0.9390255239116769, -0.042526649831416394]], "fy": 1692.938534200344, "fx": 1708.2320325391288}, {"id": 51, "img_name": "52", "width": 1060, "height": 1886, "position": [1.322992403343282, -2.5751907841862436, 3.1188356652447067], "rotation": [[-0.9646295992213827, 0.21750153281899204, -0.1489389792075366], [-0.13108312483903684, 0.09441773392092381, 0.986864988690789], [0.22870712863491507, 0.9714825653312704, -0.06256736025233793]], "fy": 1692.938534200344, "fx": 1708.2320325391288}, {"id": 52, "img_name": "53", "width": 1060, "height": 1886, "position": [0.6983080510488788, -2.388225144782377, 2.993639065700837], "rotation": [[-0.9928029697397092, 0.11297952433483247, -0.03972266805098641], [-0.03022319362167157, 0.0845854432465972, 0.9959577608302893], [0.11588279356022106, 0.9899903685752965, -0.08056207721271513]], "fy": 1692.938534200344, "fx": 1708.2320325391288}, {"id": 53, "img_name": "54", "width": 1060, "height": 1886, "position": [0.12137749951276999, -2.05306889605676, 3.304025290142777], "rotation": [[-0.997977198460035, 0.03061960062573845, 0.05571311704957092], [0.05826068091857596, 0.08980717828253618, 0.9942536717497362], [0.025440212514104363, 0.9954883780268099, -0.09140943496591637]], "fy": 1692.938534200344, "fx": 1708.2320325391288}, {"id": 54, "img_name": "55", "width": 1060, "height": 1886, "position": [-0.14488444739866355, -1.6970002930550077, 3.423035665290401], "rotation": [[-0.9917618677043082, -0.024738611062578148, 0.125683725638429], [0.12228040304205545, 0.10942539133414961, 0.9864449233298533], [-0.038156268155230925, 0.9936871161759432, -0.1054988831523978]], "fy": 1692.938534200344, "fx": 1708.2320325391288}]